GO:1990498 0.0046911307548682
GO:0001533 3.02783284231021e-08
GO:0044666 0.00423617490250313
