GO:0008076 0.046801558981756
GO:0001669 0.0295810581311336
GO:0042600 7.27568846442087e-08
GO:0019005 5.44717493806639e-06
