GO:0055036 0.0487961684407942
GO:0030430 0.000112499983123415
GO:0044423 0.0178045725734667
GO:0035686 0.0487961684407942
