GO:0005796 0.0376615589263843
GO:0005818 0.0413501936081175
GO:0031011 0.045024941308709
