GO:0000408 0.0269709119860614
GO:0000781 0.0200319269427361
GO:0098687 0.0263123370294329
