GO:0033553 0.0458829698932807
GO:0055120 8.25006813123089e-05
GO:0043160 0.00974122782445765
GO:0019029 0.00869199752151355
