GO:0005524 3.35857793499903e-08
GO:0000146 0.010232845008366
GO:0003779 1.65241018049981e-16
