GO:0016020 0.0121031254826239
GO:1990393 0.0270623488436831
GO:0044201 0.00440053280104085
GO:0030430 0.0295509202986253
