GO:0008234 0.00123764895428407
GO:0010313 0.00629494365253913
GO:0003756 3.45137147914038e-05
GO:0051119 0.00313040981696387
