GO:0016020 0.00930031750375726
GO:1990393 0.0267653139936883
GO:0044201 0.00430569732290927
GO:0030430 0.0281744989280202
